1093 2269 2789 1321 1193 2333 3907 2971 3347 3187 1789 2111
3191 3251 3217 2477 2081 3917 1997 1549 3119 3491 1741 3049
2621 1117 2633 1907 1249 2683 1699 1129 1103 3319 2833 2089
2963 2399 1361 3329 2699 1979 2267 3079 3253 1423 2707 1429
2593 1237 2389 2803 1861 2357 3163 1123 1489 2791 3607 3643
2503 1481 2953 3739 1973 1217 1031 1613 1439 3449 2029 2417
3209 1879 2677 1609 3331 3539 3583 1901 2113 3623 1747 3137
1367 3001 1579 1753 1619 1831 3931 3313 2909 1171 3767 2549
1783 3323 2039 3221 2659 2131 2969 1493 2887 3929 3673 3229
2897 3343 1823 2153 1657 3989 3571 3089 3701 2749 2221 1013
3631 3371 2141 1303 3011 2243 1277 1933 1319 3373 3389 1373
3457 2857 1987 1553 1327 1531 2837 1723 3919 1871 2129 3709
